Длина выравнивания 1: 1530
Длина выравнивания 2: 1573
Одинаковых колонок: 952
% от длины 1: 62.22%
% от длины 2: 60.52%
Блоков: 53
Изолированных колонок: 44

Блоки:
(1287,1438) = (1333,1484)  (длина 152)
(474,598) = (487,611)  (длина 125)
(1237,1284) = (1283,1330)  (длина 48)
(654,690) = (667,703)  (длина 37)
(739,775) = (752,788)  (длина 37)
(1196,1230) = (1242,1276)  (длина 35)
(433,466) = (446,479)  (длина 34)
(694,726) = (707,739)  (длина 33)
(39,64) = (40,65)  (длина 26)
(1115,1139) = (1160,1184)  (длина 25)
(92,114) = (93,115)  (длина 23)
(124,145) = (125,146)  (длина 22)
(148,166) = (149,167)  (длина 19)
(411,429) = (424,442)  (длина 19)
(1492,1510) = (1535,1553)  (длина 19)
(626,643) = (639,656)  (длина 18)
(1465,1482) = (1508,1525)  (длина 18)
(73,88) = (74,89)  (длина 16)
(602,617) = (615,630)  (длина 16)
(324,337) = (335,348)  (длина 14)
(3,14) = (3,14)  (длина 12)
(790,801) = (803,814)  (длина 12)
(1182,1192) = (1228,1238)  (длина 11)
(821,830) = (834,843)  (длина 10)
(948,957) = (983,992)  (длина 10)
(809,817) = (822,830)  (длина 9)
(1058,1065) = (1105,1112)  (длина 8)
(175,181) = (176,182)  (длина 7)
(191,197) = (194,200)  (длина 7)
(728,734) = (741,747)  (длина 7)
(972,977) = (1051,1056)  (длина 6)
(118,122) = (119,123)  (длина 5)
(214,218) = (220,224)  (длина 5)
(468,472) = (481,485)  (длина 5)
(1080,1084) = (1127,1131)  (длина 5)
(1097,1101) = (1144,1148)  (длина 5)
(169,172) = (170,173)  (длина 4)
(241,244) = (247,250)  (длина 4)
(1069,1072) = (1116,1119)  (длина 4)
(1515,1518) = (1558,1561)  (длина 4)
(296,298) = (304,306)  (длина 3)
(379,381) = (392,394)  (длина 3)
(401,403) = (414,416)  (длина 3)
(1088,1090) = (1135,1137)  (длина 3)
(1150,1152) = (1195,1197)  (длина 3)
(1524,1526) = (1567,1569)  (длина 3)
(21,22) = (21,22)  (длина 2)
(67,68) = (68,69)  (длина 2)
(316,317) = (327,328)  (длина 2)
(343,344) = (354,355)  (длина 2)
(646,647) = (659,660)  (длина 2)
(783,784) = (796,797)  (длина 2)
(849,850) = (903,904)  (длина 2)

Изолированные колонки:
(20, 17)
(24, 28)
(28, 29)
(200, 206)
(205, 211)
(208, 214)
(288, 295)
(303, 314)
(357, 357)
(362, 358)
(408, 421)
(431, 444)
(624, 637)
(692, 705)
(736, 749)
(777, 790)
(831, 887)
(833, 889)
(836, 891)
(847, 901)
(858, 912)
(860, 914)
(863, 917)
(866, 920)
(868, 922)
(871, 925)
(874, 928)
(920, 930)
(935, 933)
(937, 935)
(938, 955)
(939, 957)
(940, 962)
(946, 981)
(962, 997)
(967, 1046)
(969, 1048)
(980, 1059)
(1000, 1071)
(1037, 1103)
(1068, 1114)
(1093, 1140)
(1148, 1193)
(1529, 1572)
