Длина выравнивания 1: 1530
Длина выравнивания 2: 1581
Одинаковых колонок: 1127
% от длины 1: 73.66%
% от длины 2: 71.28%
Блоков: 48
Изолированных колонок: 26

Блоки:
(433,616) = (443,626)  (длина 184)
(1197,1284) = (1248,1335)  (длина 88)
(652,736) = (665,749)  (длина 85)
(1287,1368) = (1338,1419)  (длина 82)
(1374,1439) = (1425,1490)  (длина 66)
(1030,1084) = (1079,1133)  (длина 55)
(1095,1149) = (1144,1198)  (длина 55)
(739,787) = (752,800)  (длина 49)
(73,115) = (78,120)  (длина 43)
(1465,1500) = (1516,1551)  (длина 36)
(947,981) = (993,1027)  (длина 35)
(148,178) = (153,183)  (длина 31)
(124,145) = (129,150)  (длина 22)
(1151,1171) = (1200,1220)  (длина 21)
(315,334) = (325,344)  (длина 20)
(625,643) = (635,653)  (длина 19)
(411,428) = (421,438)  (длина 18)
(790,806) = (803,819)  (длина 17)
(39,54) = (44,59)  (длина 16)
(188,200) = (193,205)  (длина 13)
(1503,1514) = (1554,1565)  (длина 12)
(1521,1530) = (1572,1581)  (длина 10)
(809,817) = (822,830)  (длина 9)
(821,829) = (834,842)  (длина 9)
(878,886) = (930,938)  (длина 9)
(57,64) = (62,69)  (длина 8)
(279,286) = (284,291)  (длина 8)
(935,942) = (981,988)  (длина 8)
(1000,1007) = (1050,1057)  (длина 8)
(1187,1194) = (1238,1245)  (длина 8)
(212,218) = (217,223)  (длина 7)
(223,229) = (228,234)  (длина 7)
(1086,1090) = (1135,1139)  (длина 5)
(241,244) = (246,249)  (длина 4)
(341,344) = (351,354)  (длина 4)
(364,367) = (374,377)  (длина 4)
(182,184) = (187,189)  (длина 3)
(379,381) = (389,391)  (длина 3)
(6,7) = (6,7)  (длина 2)
(21,22) = (25,26)  (длина 2)
(67,68) = (72,73)  (длина 2)
(209,210) = (214,215)  (длина 2)
(401,402) = (411,412)  (длина 2)
(408,409) = (418,419)  (длина 2)
(619,620) = (629,630)  (длина 2)
(849,850) = (901,902)  (длина 2)
(1009,1010) = (1059,1060)  (длина 2)
(1517,1518) = (1568,1569)  (длина 2)

Изолированные колонки:
(20, 21)
(24, 32)
(28, 33)
(232, 237)
(234, 239)
(303, 313)
(357, 356)
(359, 357)
(361, 358)
(406, 416)
(623, 633)
(839, 887)
(847, 899)
(858, 910)
(860, 912)
(863, 915)
(866, 918)
(868, 920)
(871, 923)
(895, 947)
(928, 951)
(985, 1035)
(996, 1046)
(1019, 1066)
(1178, 1227)
(1181, 1230)
